									
//Quest (Scroll of Emperor)
0 0 2 235 "Scroll of Emperor"
1 14	23	0	1	45	60	10	200	0	10	0	52	54	55	56	1	1	1	0	0	
1 14	23	0	1	45	60	10	200	0	10	1	52	54	55	56	0	0	0	1	1	
end

//(Type) (Quest Index)																			 
1 0

//(Level Min) (Level Max)   (need str (need zen)   (start context)
1 0	10000	10000	0	0	73
-1 -1	0	0	0	1000000	51
-1 -1	150	0	0	0	50
end

///////////////////////////////////////////////////////////////////////////////////
//Quest (Three Treasures of Mu)
0 1 2 235 "Three Treasures of Mu"
1 14	24	0	1	62	76	10	201	0	10	0	60	61	62	72	0	1	0	0	0	
1 14	25	0	1	62	76	10	201	0	10	0	64	65	66	72	0	0	1	0	0	
1 14	26	0	1	62	76	10	201	0	10	0	67	68	69	72	1	0	0	0	0	
1 14	68	0	1	62	76	10	201	0	10	0	90	92	93	72	0	0	0	0	0	
end

//(Type) (Quest Index)																			 
1 1

//(Level Min) (Level Max)   (need str (need zen)   (start context)
-1 0	0	0	0	2000000	71
end

///////////////////////////////////////////////////////////////////////////////////
//Quest (Gain 'Hero Status')
0 2 2 229 "Hero Status"																			 
1 14	23	1	1	72	108	10	202	0	0	0	102	105	108	113	2	0	2	0	0	
1 14	23	1	1	72	108	10	202	0	0	0	102	105	130	142	0	2	0	0	0	
end

//(Type) (Quest Index)
1 2

//(Level Min) (Level Max)   (need str (need zen)   (start context)
-1 -1	220	0	0	0	100
-1 1	0	0	0	0	116
-1 -1	0	0	0	3000000	118
end

///////////////////////////////////////////////////////////////////////////////////
//Quest (Secret 'Dark Stone)
0 3 2 229 "Secret 'Dark Stone"
1 14	24	1	1	72	108	10	203	0	0	0	135	138	139	113	0	2	0	0	0	
end

//(Type) (Quest Index)
1 3

//(Level Min) (Level Max)   (need str (need zen)   (start context)
-1 -1	220	0	0	0	115
-1 2	0	0	0	0	117
-1 -1	0	0	0	2000000	119
end

///////////////////////////////////////////////////////////////////////////////////
//Quest (Certificate of Strength)
0 4 2 406 "Certificate of Strength!"																			 
1 14	65	0	3	-1	93	93	0	0	0	3	147	152	154	155	2	0	2	0	0	
1 14	66	0	3	-1	98	98	0	0	0	1	147	152	154	155	2	0	2	0	0	
1 14	67	0	3	-1	108	108	200	0	20	1	147	152	154	155	2	0	2	0	0	
1 14	65	0	3	-1	93	93	0	0	0	3	147	152	154	155	0	2	0	0	0	
1 14	66	0	3	-1	98	98	0	0	0	2	147	152	154	155	0	2	0	0	0	
1 14	67	0	3	-1	108	108	200	0	20	2	147	152	154	155	0	2	0	0	0	
1 14	65	0	3	-1	93	93	0	0	0	3	147	152	154	155	0	0	0	1	1	
1 14	66	0	3	-1	98	98	0	0	0	0	147	152	154	155	0	0	0	1	1	 
1 14	67	0	3	-1	108	108	200	0	20	0	147	152	154	155	0	0	0	1	1	 
end

//(Type) (Quest Index)
1 4

//      (LevelMin) (LevelMax) (needStr) (needZen) (start context)
1 2	0	0	0	0	166
2 3	0	0	0	0	166
3 -1	0	0	0	5000000	146
-1 -1	380	0	0	0	144
end

///////////////////////////////////////////////////////////////////////////////////
//Quest (Infiltration of Barracks of Ballgass)
0 5 2 406 "Infiltration of Barracks of Ballgass!"
2 409	0	0	20	-1	409	0	0	0	0	1	158	162	164	165	2	2	2	1	1	 
2 410	0	0	20	-1	410	0	0	0	0	0	158	162	164	165	2	2	2	1	1	 
2 411	0	0	20	-1	411	0	200	0	20	0	158	162	164	165	2	2	2	1	1	 
end

//(Type) (Quest Index)
1 5

//(Level Min) (Level Max)   (need str (need zen)   (start context)														 
1 -1	0	0	0	7000000	157
-1 -1	400	0	0	0	144
-1 4	0	0	0	0	145
end

///////////////////////////////////////////////////////////////////////////////////
//Quest (Infiltration of Barracks of Refuge)
0 6 2 406 "Infiltration of Barracks of Refuge!"
2 412	0	0	1	-1	412	0	204	200	30	0	168	172	173	174	2	2	2	1	1	 
end

//(Type) (Quest Index)
1  6

//(Level Min) (Level Max)   (need str (need zen)   (start context)
-1 -1	400	0	0	0	144
-1 5	0	0	0	0	145
-1 -1	0	0	0	10000000	167
end