//==============================================================================||
//	-- [] GameShop Server							||
//==============================================================================||
//										||
// SGroup		: Special Group [0: None] [1: New] [2: Hot] [3: Sale]	||
// Type			: Item Type 	[0 ~ 14]				||
// Index		: Item Index 	[0 ~ 512]				||
// Level		: Item Level	[0 ~ 15]				||
// Skill		: Item Skill	[0 ~ 1]					||
// Luck			: Item Luck	[0 ~ 1]					||
// Option		: Item Option 	[0 ~ 7]					||
// OptExc		: Option Excellent 					||
// OptAnc		: Option Ancient					||
// ItemDur		: Item Durability					||
// ItemTime		: Time Item Duration					||
// DiscountGrup		: Id do Grupo de Desconto (consular em GameShopDiscount)||
// Price		: Item Price						||
//										||
//==============================================================================||


1  // -- [] Category Special Items
//==============================================================================================================================================||
// 	SGroup		Type	Index	Level	Skill	Luck	Option	OptExc	OptAnc	ItemDur	ItemTime	DiscountGrup	Price		||
//==============================================================================================================================================||
	3		14	70	0	0	0	0	0	0	0	3600		-1		5
	3		14	71	0	0	0	0	0	0	0	3600		-1		5
	3		14	72	0	0	0	0	0	0	0	3600		-1		5
	3		14	73	0	0	0	0	0	0	0	3600		-1		5
	3		14	74	0	0	0	0	0	0	0	3600		-1		5
	3		14	75	0	0	0	0	0	0	0	3600		-1		5
	3		14	76	0	0	0	0	0	0	0	3600		-1		5
	3		14	77	0	0	0	0	0	0	0	3600		-1		5
	3		14	78	0	0	0	0	0	0	0	3600		-1		5
	3		14	79	0	0	0	0	0	0	0	3600		-1		5
	3		14	80	0	0	0	0	0	0	0	3600		-1		5
	3		14	81	0	0	0	0	0	0	0	3600		-1		5
	3		14	82	0	0	0	0	0	0	0	3600		-1		5
	3		14	83	0	0	0	0	0	0	0	3600		-1		5

	3		14	53	0	0	0	0	0	0	0	3600		-1		20  // Talisman of Luck
	3		14	54	0	0	0	0	0	0	0	3600		-1		10  // Chaos Card
	3		13	43	0	0	0	0	0	0	0	3600		-1		30  // Seal of Ascension
	3		13	44	0	0	0	0	0	0	0	3600		-1		50  // Seal of Wealth
	3		13	46	0	0	0	0	0	0	0	3600		-1		5  // Devil Square Ticket
	3		13	47	0	0	0	0	0	0	0	3600		-1		5  // Blood Castle Ticket
	3		13	48	0	0	0	0	0	0	0	3600		-1		5  // Kalima Ticket
	3		13	61	0	0	0	0	0	0	0	3600		-1		5  // Illusion Ticket

	3		13	54	0	0	0	0	0	0	0	3600		-1		10
	3		13	55	0	0	0	0	0	0	0	3600		-1		10
	3		13	56	0	0	0	0	0	0	0	3600		-1		10
	3		13	57	0	0	0	0	0	0	0	3600		-1		10
	3		13	58	0	0	0	0	0	0	0	3600		-1		10

	3		14	94	0	0	0	0	0	0	0	3600		-1		50


end

2  // -- [] Category Weapons
//==============================================================================================================================================||
// 	SGroup		Type	Index	Level	Skill	Luck	Option	OptExc	OptAnc	ItemDur	ItemTime	DiscountGrup	Price		||
//==============================================================================================================================================||
	1		0		0		15	0		0		7		63		1		0		0			-1				130
	1		0	1	15	1	1	7	63	0	0	0		-1		130
	1		0	2	15	1	1	7	63	0	0	0		-1		130
	1		0	3	15	1	1	7	63	0	0	0		-1		130
	1		0	4	15	1	1	7	63	0	0	0		-1		130
	1		0	5	15	1	1	7	63	0	0	0		-1		130
	1		0	6	15	1	1	7	63	0	0	0		-1		130
	1		0	7	15	1	1	7	63	0	0	0		-1		130
	1		0	8	15	1	1	7	63	0	0	0		-1		130
	1		0	9	15	1	1	7	63	0	0	0		-1		130
	1		1	0	15	1	1	7	63	0	0	0		-1		130 	    
	1		1	1	15	1	1	7	63	0	0	0		-1		130  	   
	1		1	2	15	1	1	7	63	0	0	0		-1		130 	  
	1		1	3	15	1	1	7	63	0	0	0		-1		130 	   
	1		1	4	15	1	1	7	63	0	0	0		-1		130  	    
	1		1	5	15	1	1	7	63	0	0	0		-1		130 	  
	1		1	6	15	1	1	7	63	0	0	0		-1		130 	   
	1		1	7	15	1	1	7	63	0	0	0		-1		130 	   
	1		1	8	15	1	1	7	63	0	0	0		-1		130 	    
	1		2	0	15	1	1	1	63	0	0	0		-1		130
	1		2	1	15	1	1	1	63	0	0	0		-1		130
	1		2	2	15	1	1	1	63	0	0	0		-1		130
	1		2	3	15	1	1	1	63	0	0	0		-1		130
	1		2	4	15	1	1	1	63	0	0	0		-1		130
	1		2	5	15	1	1	1	63	0	0	0		-1		130
	1		2	6	15	1	1	1	63	0	0	0		-1		130
	1		2	7	15	1	1	1	63	0	0	0		-1		130
	1		2	8	15	1	1	1	63	0	0	0		-1		130
	1		2	9	15	1	1	1	63	0	0	0		-1		130
	1		3	0	15	1	1	1	63	0	0	0		-1		130 
	1		3	1	15	1	1	1	63	0	0	0		-1		130
	1		3	2	15	1	1	1	63	0	0	0		-1		130
	1		3	3	15	1	1	1	63	0	0	0		-1		130
end

3  // -- [] Category Bows
//==============================================================================================================================================||
// 	SGroup		Type	Index	Level	Skill	Luck	Option	OptExc	OptAnc	ItemDur	ItemTime	DiscountGrup	Price		||
//==============================================================================================================================================||	
	1		4	0	15	1	1	1	63	0	0	0		-1		130
	1		4	1	15	1	1	1	63	0	0	0		-1		130
	1		4	2	15	1	1	1	63	0	0	0		-1		130
	1		4	3	15	1	1	1	63	0	0	0		-1		130
	1		4	4	15	1	1	1	63	0	0	0		-1		130
	1		4	5	15	1	1	1	63	0	0	0		-1		130
	1		4	6	15	1	1	1	63	0	0	0		-1		130
	1		4	7	15	1	1	1	63	0	0	0		-1		130
	1		4	8	15	1	1	1	63	0	0	0		-1		130
	1		4	9	15	1	1	1	63	0	0	0		-1		130
end

4  // -- [] Category Staffs
//==============================================================================================================================================||
// 	SGroup		Type	Index	Level	Skill	Luck	Option	OptExc	OptAnc	ItemDur	ItemTime	DiscountGrup	Price		||
//==============================================================================================================================================||	
	1		5	0	15	1	1	1	63	0	0	0		-1		130
	1		5	1	15	1	1	1	63	0	0	0		-1		130
	1		5	2	15	1	1	1	63	0	0	0		-1		130
	1		5	3	15	1	1	1	63	0	0	0		-1		130
	1		5	4	15	1	1	1	63	0	0	0		-1		130 
	1		5	5	15	1	1	1	63	0	0	0		-1		130

end

5  // -- [] Category Shields
//==============================================================================================================================================||
// 	SGroup		Type	Index	Level	Skill	Luck	Option	OptExc	OptAnc	ItemDur	ItemTime	DiscountGrup	Price		||
//==============================================================================================================================================||
	1		6	0	15	1	1	1	63	0	0	0		-1		130 
	1		6	1	15	1	1	1	63	0	0	0		-1		130 
	1		6	2	15	1	1	1	63	0	0	0		-1		130 
	1		6	3	15	1	1	1	63	0	0	0		-1		130 
	1		6	4	15	1	1	1	63	0	0	0		-1		130 
	1		6	5	15	1	1	1	63	0	0	0		-1		130 
	1		6	6	15	1	1	1	63	0	0	0		-1		130
end

6  // -- [] Category Helms
//==============================================================================================================================================||
// 	SGroup		Type	Index	Level	Skill	Luck	Option	OptExc	OptAnc	ItemDur	ItemTime	DiscountGrup	Price		||
//==============================================================================================================================================||	
	1		7	1	13	0	1	1	63	0	0	0		-1		130
	1		7	2	13	0	1	1	63	0	0	0		-1		130
	1		7	3	13	0	1	1	63	0	0	0		-1		130 
	1		7	4	13	0	1	1	63	0	0	0		-1		130
	1		7	5	13	0	1	1	63	0	0	0		-1		130 
	1		7	6	13	0	1	1	63	0	0	0		-1		130
	1		7	7	13	0	1	1	63	0	0	0		-1		130 
	1		7	8	13	0	1	1	63	0	0	0		-1		130
	1		7	9	13	0	1	1	63	0	0	0		-1		130
	1		7	10	13	0	1	1	63	0	0	0		-1		130
	1		7	11	13	0	1	1	63	0	0	0		-1		130
	1		7	12	13	0	1	1	63	0	0	0		-1		130 
	1		7	13	13	0	1	1	63	0	0	0		-1		130
	1		7	14	13	0	1	1	63	0	0	0		-1		130
end

7  // -- [] Category Armors
//==============================================================================================================================================||
// 	SGroup		Type	Index	Level	Skill	Luck	Option	OptExc	OptAnc	ItemDur	ItemTime	DiscountGrup	Price		||
//==============================================================================================================================================||	
	1		8	0	13	0	1	1	63	0	0	0		-1		130 
	1		8	1	13	0	1	1	63	0	0	0		-1		130 
	1		8	2	13	0	1	1	63	0	0	0		-1		130 
	1		8	3	13	0	1	1	63	0	0	0		-1		130 
	1		8	4	13	0	1	1	63	0	0	0		-1		130 
	1		8	5	13	0	1	1	63	0	0	0		-1		130 
	1		8	6	13	0	1	1	63	0	0	0		-1		130 
	1		8	7	13	0	1	1	63	0	0	0		-1		130 
	1		8	8	13	0	1	1	63	0	0	0		-1		130 
	1		8	9	13	0	1	1	63	0	0	0		-1		130 
	1		8	10	13	0	1	1	63	0	0	0		-1		130 
	1		8	11	13	0	1	1	63	0	0	0		-1		130 
	1		8	12	13	0	1	1	63	0	0	0		-1		130 
	1		8	13	13	0	1	1	63	0	0	0		-1		130 
	1		8	14	13	0	1	1	63	0	0	0		-1		130 
end

8  // -- [] Category Pants
//==============================================================================================================================================||
// 	SGroup		Type	Index	Level	Skill	Luck	Option	OptExc	OptAnc	ItemDur	ItemTime	DiscountGrup	Price		||
//==============================================================================================================================================||	
	1		9	0	13	0	1	1	63	0	0	0		-1		130 
	1		9	1	13	0	1	1	63	0	0	0		-1		130 
	1		9	2	13	0	1	1	63	0	0	0		-1		130 
	1		9	3	13	0	1	1	63	0	0	0		-1		130 
	1		9	4	13	0	1	1	63	0	0	0		-1		130 
	1		9	5	13	0	1	1	63	0	0	0		-1		130 
	1		9	6	13	0	1	1	63	0	0	0		-1		130 
	1		9	7	13	0	1	1	63	0	0	0		-1		130 
	1		9	8	13	0	1	1	63	0	0	0		-1		130 
	1		9	9	13	0	1	1	63	0	0	0		-1		130 
	1		9	10	13	0	1	1	63	0	0	0		-1		130 
	1		9	11	13	0	1	1	63	0	0	0		-1		130 
	1		9	12	13	0	1	1	63	0	0	0		-1		130 
	1		9	13	13	0	1	1	63	0	0	0		-1		130 
	1		9	14	13	0	1	1	63	0	0	0		-1		130 
end

9  // -- [] Category Gloves
//==============================================================================================================================================||
// 	SGroup		Type	Index	Level	Skill	Luck	Option	OptExc	OptAnc	ItemDur	ItemTime	DiscountGrup	Price		||
//==============================================================================================================================================||	
	1		10	0	13	0	1	1	63	0	0	0		-1		130 
	1		10	1	13	0	1	1	63	0	0	0		-1		130 
	1		10	2	13	0	1	1	63	0	0	0		-1		130 
	1		10	3	13	0	1	1	63	0	0	0		-1		130 
	1		10	4	13	0	1	1	63	0	0	0		-1		130 
	1		10	5	13	0	1	1	63	0	0	0		-1		130 
 	1		10	6	13	0	1	1	63	0	0	0		-1		130 
 	1		10	7	13	0	1	1	63	0	0	0		-1		130 
 	1		10	8	13	0	1	1	63	0	0	0		-1		130 
 	1		10	9	13	0	1	1	63	0	0	0		-1		130 
 	1		10	10	13	0	1	1	63	0	0	0		-1		130 
 	1		10	11	13	0	1	1	63	0	0	0		-1		130 
 	1		10	12	13	0	1	1	63	0	0	0		-1		130 
 	1		10	13	13	0	1	1	63	0	0	0		-1		130 
  	1		10	14	13	0	1	1	63	0	0	0		-1		130 

end

10  // -- [] Category Boots
//==============================================================================================================================================||
// 	SGroup		Type	Index	Level	Skill	Luck	Option	OptExc	OptAnc	ItemDur	ItemTime	DiscountGrup	Price		||
//==============================================================================================================================================||	
	1		11	0	13	0	1	1	63	0	0	0		-1		130 
	1		11	1	13	0	1	1	63	0	0	0		-1		130 
	1		11	2	13	0	1	1	63	0	0	0		-1		130 
	1		11	3	13	0	1	1	63	0	0	0		-1		130 
	1		11	4	13	0	1	1	63	0	0	0		-1		130 
	1		11	5	13	0	1	1	63	0	0	0		-1		130 
	1		11	6	13	0	1	1	63	0	0	0		-1		130 
	1		11	7	13	0	1	1	63	0	0	0		-1		130 
	1		11	8	13	0	1	1	63	0	0	0		-1		130 
	1		11	9	13	0	1	1	63	0	0	0		-1		130 
	1		11	10	13	0	1	1	63	0	0	0		-1		130 
	1		11	11	13	0	1	1	63	0	0	0		-1		130 
	1		11	12	13	0	1	1	63	0	0	0		-1		130 
	1		11	13	13	0	1	1	63	0	0	0		-1		130 
	1		11	14	13	0	1	1	63	0	0	0		-1		130 
end

11  // -- [] Category Wings
//==============================================================================================================================================||
// 	SGroup		Type	Index	Level	Skill	Luck	Option	OptExc	OptAnc	ItemDur	ItemTime	DiscountGrup	Price		||
//==============================================================================================================================================||
 	1		12	0	13	0	1	7	63	5	0	0		-1		130 
 	1		12	1	13	0	1	7	63	5	0	0		-1		130 
 	1		12	2	13	0	1	7	63	1	0	0		-1		130 
 	1		12	3	13	0	1	7	63	1	0	0		-1		130 
 	1		12	4	13	0	1	7	63	1	0	0		-1		130 
	1		12	5	13	0	1	7	63	1	0	0		-1		130 
	1		12	6	13	0	1	7	63	1	0	0		-1		130 
	1		13	30	13	0	1	7	63	1	0	0		-1		130 
end

12  // -- [] Category Acessory
//==============================================================================================================================================||
// 	SGroup		Type	Index	Level	Skill	Luck	Option	OptExc	OptAnc	ItemDur	ItemTime	DiscountGrup	Price		||
//==============================================================================================================================================||
//rings
	1		13	8	13	0	2	7	63	0	0	0		-1		130 
	1		13	9	13	0	1	7	63	0	0	0		-1		130 
//pendants
	1		13	12	13	0	1	7	63	0	0	0		-1		130 
	1		13	13	13	0	1	7	63	0	0	0		-1		130 

end

13  // -- [] Category Ancient
//==============================================================================================================================================||
// 	SGroup		Type	Index	Level	Skill	Luck	Option	OptExc	OptAnc	ItemDur	ItemTime	DiscountGrup	Price		||
//==============================================================================================================================================||	
	
end