//Type	Index	Level	Dur	Skill	Luck	Option	Exc	Anc	||
//==============================================================================================================================||									
//Mestre Yoda									
14	0	0	1	0	0	0	0	0	//"maça Potion"
14	1	0	30	0	0	0	0	0	//"Potion"
14	2	0	30	0	0	0	0	0	//"Potion"
14	3	0	30	0	0	0	0	0	//"Potion"
14	4	0	30	0	0	0	0	0	//"Potion"
14	5	0	30	0	0	0	0	0	//"Potion"
14	6	0	30	0	0	0	0	0	//"Potion"
14	8	0	10	0	0	0	0	0	//"Large Healing Potion"

12	8	0	0	0	0	0	0	0
12	9	0	0	0	0	0	0	0
12	10	0	0	0	0	0	0	0
12	17	0	0	0	0	0	0	0
12	18	0	0	0	0	0	0	0

12	11	0	0	0	0	0	0	0
12	11	1	0	0	0	0	0	0
12	11	2	0	0	0	0	0	0
12	11	3	0	0	0	0	0	0
12	11	4	0	0	0	0	0	0
12	11	5	0	0	0	0	0	0
12	11	6	0	0	0	0	0	0
									
//14 	35	0	30	0	0	0	0	0	//SD
//14 	38	0	30	0	0	0	0	0	//ROXO
									
14	9	0	0	0	0	0	0	0	//Ale
14	10	0	0	0	0	0	0	0	//Town Teleport
13	29	0	1	0	0	0	0	0	 //Armor of Guardman
14	20	0	0	0	0	0	0	0	//Remedy of Love

end