//==============================================================================||
//	Type	Index	Level	Dur	Skill	Luck	Option	Exc	Anc	||
//==============================================================================||
	14	0	0	10	0	0	0	0	0	//Apple
	14	1	0	20	0	0	0	0	0	//Small Healing Potion
	14	2	0	50	0	0	0	0	0	//Medium Healing	Potion
	14	3	0	100	0	0	0	0	0	//Large Healing Potion
	14	4	0	20	0	0	0	0	0	//Small Mana Potion
	14	5	0	50	0	0	0	0	0	//Medium Mana Potion
	14	6	0	100	0	0	0	0	0	//Large Mana Potion
	14	8	0	100	0	0	0	0	0	//Antidote
	14	9	0	255	0	0	0	0	0	//Alcohol
	14	9	1	255	0	0	0	0	0	//Alcohol
	13	29	0	255	0	0	0	0	0	//Armor of Guardman
	14	10	0	255	0	0	0	0	0	//Town Portal Scroll
	4	15	3	255	0	0	0	0	0	//Arrows
	4	15	4	255	0	0	0	0	0	//Arrows
	4	15	5	255	0	0	0	0	0	//Arrows
	4	7	3	255	0	0	0	0	0	//Bolts
	4	7	4	255	0	0	0	0	0	//Bolts
	4	7	5	255	0	0	0	0	0	//Bolts
	14	83	0	0	0	0	0	0	0	//
	14	84	0	0	0	0	0	0	0	//
	14	85	0	0	0	0	0	0	0	//
	14	86	0	0	0	0	0	0	0	//
	14	87	0	0	0	0	0	0	0	//
	14	88	0	0	0	0	0	0	0	//
	14	89	0	0	0	0	0	0	0	//
	14	90	0	0	0	0	0	0	0	//
	14	91	0	0	0	0	0	0	0	//
	14	92	0	0	0	0	0	0	0	//
	14	93	0	0	0	0	0	0	0	//
	14	94	0	0	0	0	0	0	0	//
	14	13	0	0	0	0	0	0	0	
	14	14	0	0	0	0	0	0	0
	14	16	0	0	0	0	0	0	0
	12	30	1	0	0	0	0	0	0	
	12	31	1	0	0	0	0	0	0
	14	100	11	0	0	0	0	0	0	
	14	101	12	0	0	0	0	0	0
	14	102	13	0	0	0	0	0	0
	14	103	14	0	0	0	0	0	0	
	14	104	15	0	0	0	0	0	0
end